0
0
0
0
0
0
0
0
0
0
0
0
0
0
0
0
0
0
0
0
10
7.6
8.8
9.6
8.4
9.2
9.6
8.2
5.8
6.6
7.6
6
8.6
9.3
8.2
8.8
13.3
13.3
13.3
10.9
9.3
10.1
9.4
6.8
8.6
7.8
7.4
10
9.6
9.2
8.4
9.6
8.8
7.6
10
0
0
0
0
0
0
0
0
0
0
0
0
0
0
0
0
0
0
0
0
0
0
0
0
0
0
0
0
0
0
0
0
0
0
0
0
0
0
0
1.9717
11.244
6.687
7.8336
9.3042
10.277
9.4471
8.3918
8.0981
7.8298
6.6252
6.4244
6.5513
6.826
6.839
9.4188
10.038
11.23
11.444
11.538
11.43
11.142
8.4321
9.1575
9.1717
7.7767
7.9336
9.2351
9.1172
8.9783
10.038
10.44
9.3042
8.6329
6.687
12.048
1.9717
0
0
0
0
0
0
0
0
0
0
0
0
0
0
0
0
0
0
0
0
0
0
0
0
0
0
0
0
0
0
0
0
0
0
0
0
0
0
3.0989
10.451
8.0476
8.1111
7.0835
9.545
8.4935
8.7004
9.3836
7.9454
7.3111
5.8873
5.2802
6.6003
6.8384
8.3263
8.7663
11.813
12.997
11.746
9.4104
10.337
10.287
8.8864
8.8141
8.5062
8.8651
8.9675
9.3392
8.5413
8.4935
9.545
7.8958
8.9234
8.8599
12.076
3.0989
0
0
0
0
0
0
0
0
0
0
0
0
0
0
0
0
0
0
0
0
0
0
0
0
0
0
0
0
0
0
0
0
0
0
0
0
0
0
5.7629
8.9934
8.5822
7.1169
7.3552
7.6732
9.8116
7.7114
10.189
8.3398
4.6801
6.7878
7.1434
6.1344
5.5905
5.9025
9.6547
12.328
11.077
12.169
10.887
9.0905
8.7857
9.7041
9.9443
9.597
7.1414
8.9034
10.214
8.012
9.8116
7.7884
8.1014
7.9451
10.239
11.298
5.9762
0
0
0
0
0
0
0
0
0
0
0
0
0
0
0
0
0
0
0
0
0
0
0
0
0
0
0
0
0
0
0
0
0
0
0
0
0
0.13748
8.5393
7.8619
7.8541
7.4813
7.2667
7.4915
8.5678
9.0241
8.491
8.4664
6.7969
6.0557
5.1168
5.1081
7.1033
8.1876
7.751
10.335
11.107
10.645
9.0614
11.144
10.484
9.4686
8.5496
9.0886
9.3857
8.9203
8.536
9.0241
9.4192
8.2024
7.3676
8.4861
9.3638
10.494
10.045
0.13748
0
0
0
0
0
0
0
0
0
0
0
0
0
0
0
0
0
0
0
0
0
0
0
0
0
0
0
0
0
0
0
0
0
0
0
0
2.8958
8.567
6.5314
7.2286
7.9706
8.6903
6.9126
7.4807
8.6463
8.5593
8.4587
5.7691
6.3047
6.3005
5.7555
6.0797
6.9207
7.4104
10.506
9.7907
9.9554
10.024
9.4741
9.5639
10.058
9.6171
10.12
8.0568
9.5636
8.148
9.4342
8.0975
7.7953
9.573
8.8533
8.1113
8.5282
12.64
2.8958
0
0
0
0
0
0
0
0
0
0
0
0
0
0
0
0
0
0
0
0
0
0
0
0
0
0
0
0
0
0
0
0
0
0
0
0.030857
7.7261
5.1687
7.1736
6.4548
7.7842
7.8184
7.7431
7.5937
8.1347
8.7796
5.9643
7.489
6.7214
6.0787
6.3663
6.4232
5.3921
7.2181
8.6061
9.8548
9.8839
9.9817
8.4604
9.4485
9.8831
9.0304
10.516
9.4006
7.7158
8.9506
8.2896
8.5174
8.6669
9.1493
8.708
8.1311
8.2269
10.035
8.3538
0.030857
0
0
0
0
0
0
0
0
0
0
0
0
0
0
0
0
0
0
0
0
0
0
0
0
0
0
0
0
0
0
0
0
0
0
2.728
6.4855
6.7231
5.9608
7.1625
6.5926
8.2202
8.6269
7.8129
7.1732
8.0856
8.125
5.8126
6.2308
5.9366
6.3288
6.1501
6.9414
6.747
6.0392
9.2614
9.2641
9.8999
9.5488
9.8324
8.6962
9.8342
8.3068
9.0108
9.9062
7.6816
8.0263
8.7895
9.6035
9.1968
8.2576
8.1391
8.55
8.7933
10.417
2.728
0
0
0
0
0
0
0
0
0
0
0
0
0
0
0
0
0
0
0
0
0
0
0
0
0
0
0
0
0
0
0
0
0
0.1084
5.9032
6.7926
6.1019
5.2644
6.5988
7.7615
6.8491
7.2323
8.3284
9.1834
7.3981
6.1368
6.4807
6.9494
4.555
7.0101
6.4007
6.7762
7.1507
5.7422
6.7351
7.7719
10.28
8.9818
10.021
8.9782
7.8365
9.705
8.3839
8.0123
8.7141
10.423
8.6804
8.2766
7.8934
8.8058
7.8623
7.4574
9.1025
10.107
7.087
0.1084
0
0
0
0
0
0
0
0
0
0
0
0
0
0
0
0
0
0
0
0
0
0
0
0
0
0
0
0
0
0
0
0
2.6373
6.7194
6.2302
5.2746
6.7653
6.0467
6.4289
6.9029
8.3859
7.74
7.847
8.2292
7.568
4.8083
6.0314
6.062
6.7347
6.3219
6.0161
6.0926
5.9626
7.0711
7.4953
8.2903
9.5631
8.4547
9.4867
9.4943
8.2903
7.029
9.4064
9.1962
9.4561
9.0624
8.814
7.9425
7.5603
7.8814
7.9272
8.3018
9.2574
11.123
2.6373
0
0
0
0
0
0
0
0
0
0
0
0
0
0
0
0
0
0
0
0
0
0
0
0
0
0
0
0
0
0
0
0
5.6018
6.1021
5.8609
6.2091
5.5382
5.2751
7.0234
7.6165
7.1268
8.4047
8.0711
7.2903
6.7206
6.5918
6.481
5.1438
6.3858
5.9015
5.5358
6.3594
6.5227
5.8434
7.2928
7.4282
8.1424
8.0845
8.5523
8.5132
8.578
9.1825
9.4071
8.0472
9.4642
8.996
8.2845
8.8527
7.4618
7.1015
7.3529
8.2977
8.9664
10.762
6.3336
0
0
0
0
0
0
0
0
0
0
0
0
0
0
0
0
0
0
0
0
0
0
0
0
0
0
0
0
0
0
0
1.0741
6.6347
5.4762
6.4356
4.9886
5.203
7.441
5.1277
7.3187
7.0331
8.0391
7.3186
7.7867
7.1826
6.1518
6.8962
6.1028
5.8597
5.7101
6.3832
5.7415
5.7478
5.9686
5.4181
7.5404
7.6396
7.9433
8.0571
8.6007
9.0388
8.8822
9.4517
8.9734
8.8826
8.6495
8.2391
7.9271
7.4991
7.7691
7.4398
7.36
8.895
9.4984
10.15
1.0741
0
0
0
0
0
0
0
0
0
0
0
0
0
0
0
0
0
0
0
0
0
0
0
0
0
0
0
0
0
0
4.2967
5.5846
4.941
4.6287
6.4634
6.5731
5.9572
7.1954
6.5082
6.6152
8.134
7.3379
7.2581
7.3003
6.0044
6.5118
6.2057
6.9251
5.423
5.3651
6.2354
5.2168
5.1325
6.1406
6.2046
6.875
6.8745
8.8583
8.6603
8.3676
8.7638
9.3411
8.9855
9.1854
9.4828
7.2454
8.1229
7.1827
8.4709
7.793
7.7673
7.095
8.4718
11.101
4.6005
0
0
0
0
0
0
0
0
0
0
0
0
0
0
0
0
0
0
0
0
0
0
0
0
0
0
0
0
0
0.2281
6.0877
5.7563
3.0803
6.8065
5.7008
6.1759
5.753
7.1998
6.6803
6.5472
7.4922
7.7075
6.8313
5.969
6.9216
7.0616
6.8409
6.055
6.1886
5.4457
4.1928
5.8984
5.7274
5.2563
4.8652
6.8157
7.2393
8.0092
8.3021
9.554
8.6551
7.8839
9.0695
9.4737
8.9593
8.165
7.7258
7.7541
6.6203
8.4244
7.604
7.679
6.6578
11.363
7.7467
0.2281
0
0
0
0
0
0
0
0
0
0
0
0
0
0
0
0
0
0
0
0
0
0
0
0
0
0
0
0
1.7291
6.342
3.7928
5.6417
5.011
6.1722
6.3092
6.1717
6.86
6.8542
7.1196
6.8107
5.9649
7.4854
6.3001
7.0236
6.4593
6.8217
6.1722
5.255
6.051
6.1722
4.5077
3.831
5.528
6.3987
6.7959
6.8189
7.0236
8.1828
8.2116
8.6977
8.9945
9.1519
7.774
8.9957
8.2096
8.418
7.9073
7.023
7.1605
8.164
7.1264
7.7124
8.6634
10.341
1.7291
0
0
0
0
0
0
0
0
0
0
0
0
0
0
0
0
0
0
0
0
0
0
0
0
0
0
0
0
4.5739
3.2716
5.8179
5.0608
4.7623
6.0046
5.4136
7.3642
7.3505
6.575
6.8599
6.6258
6.8328
6.4873
7.0399
7.0399
6.8708
5.5962
5.3096
6.0046
6.0804
4.9693
4.8616
5.7015
5.0687
6.0929
6.55
6.6629
6.1928
7.1434
7.7646
9.362
8.9248
8.9034
8.6107
7.8248
8.6193
8.324
8.8621
8.105
6.3624
6.8328
7.1978
7.661
8.9489
9.1933
4.7313
0
0
0
0
0
0
0
0
0
0
0
0
0
0
0
0
0
0
0
0
0
0
0
0
0
0
0
0
4.3062
3.9307
5.6994
5.2802
5.6864
4.2047
6.2956
6.8059
7.731
6.2956
7.1677
7.0719
7.7172
6.7409
6.0926
6.9049
6.0926
6.2956
6.0926
5.0771
5.1941
6.0926
5.7708
5.4833
5.9739
6.1599
5.4331
6.6003
6.9049
7.1405
7.2595
8.1234
9.3017
8.7327
8.7327
9.6039
8.1234
8.5343
8.4418
8.3265
6.6729
5.589
7.3111
8.2292
7.7613
10.401
5.2843
0
0
0
0
0
0
0
0
0
0
0
0
0
0
0
0
0
0
0
0
0
0
0
0
0
0
0
0.76524
4.1791
4.8183
4.6176
5.2199
4.7904
6.0229
5.4206
6.7256
6.3241
7.0267
7.4283
7.4283
6.826
7.629
6.2237
5.3813
5.7691
6.4244
5.2199
5.2199
6.0229
6.0229
5.675
5.4206
5.8757
5.8289
6.3844
5.7218
6.826
7.1271
6.6585
7.3286
8.4321
8.8336
9.4359
8.4321
9.8374
7.629
7.8298
7.4283
7.0267
7.3124
6.2845
6.826
7.8298
10.577
6.0229
0.76524
0
0
0
0
0
0
0
0
0
0
0
0
0
0
0
0
0
0
0
0
0
0
0
0
0
0
2
5.2
5.2
4.4
4.8
5.6
6
6.4
4.9
7.1
7.2
7.2
7.6
7.6
5.8
7.2
7
4.6
4.4
6.2
6
6
5.8
5.6
5.6
5.6
5.8
6
6.6
6.8
5.2
7.4
8
8.2
8.2
8.6
10.2
8
9.4
7
6.4
8
7.6
7.2
6.4
9.2
10
10
2
0
0
0
0
0
0
0
0
0
0
0
0
0
0
0
0
0
0
0
0
0
0
0
0
0
0
0.76524
4.1791
4.8183
4.6176
5.2199
4.7904
6.0229
5.4206
6.7256
6.3241
7.0267
7.4283
7.4283
6.826
7.629
6.3849
5.5821
5.6214
6.2237
5.4206
5.0191
6.2237
5.8222
5.675
5.8222
5.4742
5.8289
6.3844
5.7218
6.826
7.5286
7.0267
7.1882
8.0306
8.1845
9.0344
8.4321
9.8374
7.629
7.8298
7.4283
7.0267
7.3124
6.2845
6.826
7.8298
10.577
6.0229
0.76524
0
0
0
0
0
0
0
0
0
0
0
0
0
0
0
0
0
0
0
0
0
0
0
0
0
0
0
4.3062
3.9307
5.6994
5.2802
5.6864
4.2047
6.2956
6.8034
7.683
6.3607
7.1677
7.0719
7.7172
7.1498
6.8
7.1737
5.4833
6.3602
6.0926
5.2802
5.0269
6.0926
5.7708
5.6864
5.7708
5.9568
5.4331
6.6003
7.108
7.8833
7.8687
7.986
8.3244
7.9203
8.2228
9.6039
8.1234
8.5343
8.4418
8.3265
6.6729
5.589
7.3111
8.2292
7.7613
10.401
5.2843
0
0
0
0
0
0
0
0
0
0
0
0
0
0
0
0
0
0
0
0
0
0
0
0
0
0
0
0
4.5739
3.2716
5.8179
5.0608
4.7623
6.0046
5.4136
7.4677
7.1434
6.6785
6.8599
6.6258
6.8328
7.0399
7.8681
7.3212
6.6258
5.5905
5.3096
6.0675
5.9594
5.1764
4.8616
5.7975
4.8616
6.1318
6.3429
7.1434
6.6764
7.8663
7.9716
8.9034
8.0752
8.0752
7.9895
7.4107
8.6193
8.324
8.8621
8.105
6.3624
6.8328
7.1978
7.661
8.9489
9.1933
4.7313
0
0
0
0
0
0
0
0
0
0
0
0
0
0
0
0
0
0
0
0
0
0
0
0
0
0
0
0
1.7291
6.342
3.7928
5.6417
5.011
6.1722
6.3092
6.2781
6.6471
6.8647
7.2106
6.8107
5.9649
8.0878
7.5068
7.4459
6.2464
6.5518
6.3851
5.1081
6.2638
6.0307
4.5516
3.9923
5.3591
6.5381
6.9868
7.2555
7.8749
8.4472
7.9813
8.0878
8.4284
8.2918
6.9237
8.3572
8.1766
8.418
7.9073
7.023
7.1605
8.164
7.1264
7.7124
8.6634
10.341
1.7291
0
0
0
0
0
0
0
0
0
0
0
0
0
0
0
0
0
0
0
0
0
0
0
0
0
0
0
0
0.2281
6.0877
5.7563
3.0803
6.8065
5.7008
6.1759
5.768
7.172
6.57
6.6326
7.5043
7.7075
7.5454
7.2823
7.5218
7.1778
6.6203
5.806
6.3996
5.6504
4.1928
5.9108
5.948
5.0455
5.0097
7.2437
8.247
8.4176
8.0547
9.1126
8.165
7.4426
8.1549
8.591
8.2973
7.9329
7.7258
7.7541
6.6203
8.4244
7.604
7.679
6.6578
11.363
7.7467
0.2281
0
0
0
0
0
0
0
0
0
0
0
0
0
0
0
0
0
0
0
0
0
0
0
0
0
0
0
0
0
4.2967
5.5846
4.941
4.6287
6.4634
6.5731
5.9572
7.2746
6.4497
6.5154
8.2494
7.3379
8.0054
8.5448
6.9589
6.8046
6.1776
6.6973
5.5339
5.2748
6.2354
5.4478
5.285
6.4255
6.3081
7.675
7.5507
8.4524
8.1984
7.971
8.3019
8.8793
8.1885
8.2617
8.79
6.7326
8.1229
7.1827
8.4709
7.793
7.7673
7.095
8.4718
11.101
4.6005
0
0
0
0
0
0
0
0
0
0
0
0
0
0
0
0
0
0
0
0
0
0
0
0
0
0
0
0
0
0
1.0741
6.6347
5.4762
6.4356
4.9886
5.203
7.441
5.1277
7.3066
7.0095
7.9696
7.4406
8.4994
8.4385
7.2091
7.4305
6.1379
5.7319
5.5698
6.383
5.637
5.992
6.144
5.8132
8.3539
8.3363
7.7447
7.5688
8.0078
8.6675
8.3939
8.9625
8.3585
7.906
7.9171
7.5984
7.9271
7.4991
7.7691
7.4398
7.36
8.895
9.4984
10.15
1.0741
0
0
0
0
0
0
0
0
0
0
0
0
0
0
0
0
0
0
0
0
0
0
0
0
0
0
0
0
0
0
0
5.6018
6.1021
5.8609
6.2091
5.5382
5.2751
7.0234
7.6415
7.1018
8.3748
8.0089
7.9578
8.1773
7.9145
7.2809
5.4559
6.4724
5.5403
5.4857
6.3665
6.8285
6.2654
7.8526
8.1469
7.8195
7.6592
8.0673
7.991
8.2002
8.6604
8.8849
7.4749
8.4198
8.2128
7.6078
8.8251
7.4618
7.1015
7.3529
8.2977
8.9664
10.762
6.3336
0
0
0
0
0
0
0
0
0
0
0
0
0
0
0
0
0
0
0
0
0
0
0
0
0
0
0
0
0
0
0
0
2.6373
6.7194
6.2302
5.2746
6.7653
6.0467
6.4289
6.9029
8.3859
7.74
7.8279
8.5694
9.2459
6.169
7.0099
6.9105
6.7347
6.1537
5.7333
6.2608
6.5283
7.6368
8.4279
8.061
8.9975
8.0037
8.9898
8.9592
7.8776
6.4633
8.8407
8.6305
8.4012
8.2139
8.126
7.8967
7.5603
7.8814
7.9272
8.3018
9.2574
11.123
2.6373
0
0
0
0
0
0
0
0
0
0
0
0
0
0
0
0
0
0
0
0
0
0
0
0
0
0
0
0
0
0
0
0
0.1084
5.9032
6.7926
6.1019
5.2644
6.5988
7.7615
6.8491
7.2323
8.3034
9.2044
7.6211
7.5152
8.0528
8.1105
5.2779
7.4864
6.4007
6.6346
7.4258
6.4501
7.8903
7.6287
9.7082
8.3789
9.5456
8.4932
7.304
9.227
7.8009
7.39
8.1419
9.3761
7.747
7.5999
7.8659
8.8058
7.8623
7.4574
9.1025
10.107
7.087
0.1084
0
0
0
0
0
0
0
0
0
0
0
0
0
0
0
0
0
0
0
0
0
0
0
0
0
0
0
0
0
0
0
0
0
2.728
6.4855
6.7231
5.9608
7.1625
6.5926
8.2202
8.6269
7.8129
7.121
8.1963
9.6611
7.5498
7.4285
6.7022
7.0262
6.5549
7.2208
7.1069
7.2247
9.5085
8.6712
9.307
8.9559
9.3321
8.1735
9.3105
7.7264
8.5225
9.2088
7.0666
6.9695
7.7434
8.9628
9.1968
8.2576
8.1391
8.55
8.7933
10.417
2.728
0
0
0
0
0
0
0
0
0
0
0
0
0
0
0
0
0
0
0
0
0
0
0
0
0
0
0
0
0
0
0
0
0
0
0.030857
7.7261
5.1687
7.1736
6.4548
7.7842
7.8184
7.7431
7.5937
8.1347
8.708
7.5311
9.3719
7.8119
6.9486
7.2607
7.467
5.9118
7.9844
9.5554
9.0879
9.195
9.5198
7.6604
9.0901
9.1692
8.6929
9.7816
8.8695
7.0683
8.1537
7.1968
7.5042
8.1541
9.1493
8.708
8.1311
8.2269
10.035
8.3538
0.030857
0
0
0
0
0
0
0
0
0
0
0
0
0
0
0
0
0
0
0
0
0
0
0
0
0
0
0
0
0
0
0
0
0
0
0
2.8958
8.567
6.5314
7.2286
7.9706
8.6903
6.9126
7.4807
8.6463
8.5593
9.9006
7.942
7.3531
7.2443
6.7933
7.3253
8.0585
8.6094
10.386
8.8761
9.1597
9.4057
8.7802
9.0438
9.3594
9.2636
9.3333
7.2822
9.1116
7.2335
8.1092
7.1458
7.5632
9.573
8.8533
8.1113
8.5282
12.64
2.8958
0
0
0
0
0
0
0
0
0
0
0
0
0
0
0
0
0
0
0
0
0
0
0
0
0
0
0
0
0
0
0
0
0
0
0
0
0.13748
8.5393
7.8619
7.8541
7.4813
7.2667
7.4915
8.5678
9.0241
8.491
10.134
8.7217
7.166
6.3938
6.1722
8.2201
9.5711
9.525
9.6719
10.097
9.6348
8.6039
10.134
10.11
8.7741
7.8464
8.6245
8.3753
8.3542
7.5255
7.5891
8.5788
8.1695
7.3676
8.4861
9.3638
10.494
10.045
0.13748
0
0
0
0
0
0
0
0
0
0
0
0
0
0
0
0
0
0
0
0
0
0
0
0
0
0
0
0
0
0
0
0
0
0
0
0
0
5.7629
8.9934
8.5822
7.1169
7.3552
7.6732
9.8116
7.7114
10.272
10.146
6.6843
7.9936
8.211
7.3767
6.6258
7.2732
11.294
12.292
9.7796
10.982
10.249
8.2623
8.331
8.7789
9.3175
8.9352
6.3796
8.2075
8.6963
6.6229
9.3939
7.7884
8.1014
7.9451
10.239
11.298
5.9762
0
0
0
0
0
0
0
0
0
0
0
0
0
0
0
0
0
0
0
0
0
0
0
0
0
0
0
0
0
0
0
0
0
0
0
0
0
0
3.0989
10.451
8.0476
8.1111
7.0835
9.545
8.4935
8.7004
9.7258
10.081
8.9358
7.0329
6.2956
7.4154
8.1585
9.781
10.459
11.88
12.423
9.9854
8.7327
9.3213
9.5456
8.6485
7.8632
7.4908
8.1234
7.8825
7.7172
7.3851
8.4935
9.545
7.8958
8.9234
8.8599
12.076
3.0989
0
0
0
0
0
0
0
0
0
0
0
0
0
0
0
0
0
0
0
0
0
0
0
0
0
0
0
0
0
0
0
0
0
0
0
0
0
0
1.9717
11.244
6.687
7.8336
9.3042
10.277
9.4471
8.3918
9.0344
9.5971
8.0306
7.629
7.4283
7.629
7.629
10.804
12.447
11.337
11.343
9.9248
10.44
10.139
7.629
8.3545
8.1679
7.1943
7.1846
7.629
7.1095
8.4362
10.038
10.44
9.3042
8.6329
6.687
12.048
1.9717
0
0
0
0
0
0
0
0
0
0
0
0
0
0
0
0
0
0
0