0.00000e+00
1.74524e-02
3.48995e-02
5.23360e-02
6.97565e-02
8.71557e-02
1.04528e-01
1.21869e-01
1.39173e-01
1.56434e-01
1.73648e-01
1.90809e-01
2.07912e-01
2.24951e-01
2.41922e-01
2.58819e-01
2.75637e-01
2.92372e-01
3.09017e-01
3.25568e-01
3.42020e-01
3.58368e-01
3.74607e-01
3.90731e-01
4.06737e-01
4.22618e-01
4.38371e-01
4.53990e-01
4.69472e-01
4.84810e-01
5.00000e-01
5.15038e-01
5.29919e-01
5.44639e-01
5.59193e-01
5.73576e-01
5.87785e-01
6.01815e-01
6.15661e-01
6.29320e-01
6.42788e-01
6.56059e-01
6.69131e-01
6.81998e-01
6.94658e-01
7.07107e-01
7.19340e-01
7.31354e-01
7.43145e-01
7.54710e-01
7.66044e-01
7.77146e-01
7.88011e-01
7.98636e-01
8.09017e-01
8.19152e-01
8.29038e-01
8.38671e-01
8.48048e-01
8.57167e-01
8.66025e-01
8.74620e-01
8.82948e-01
8.91007e-01
8.98794e-01
9.06308e-01
9.13545e-01
9.20505e-01
9.27184e-01
9.33580e-01
9.39693e-01
9.45519e-01
9.51057e-01
9.56305e-01
9.61262e-01
9.65926e-01
9.70296e-01
9.74370e-01
9.78148e-01
9.81627e-01
9.84808e-01
9.87688e-01
9.90268e-01
9.92546e-01
9.94522e-01
9.96195e-01
9.97564e-01
9.98630e-01
9.99391e-01
9.99848e-01
1.00000e+00
9.99848e-01
9.99391e-01
9.98630e-01
9.97564e-01
9.96195e-01
9.94522e-01
9.92546e-01
9.90268e-01
9.87688e-01
9.84808e-01
9.81627e-01
9.78148e-01
9.74370e-01
9.70296e-01
9.65926e-01
9.61262e-01
9.56305e-01
9.51057e-01
9.45519e-01
9.39693e-01
9.33580e-01
9.27184e-01
9.20505e-01
9.13545e-01
9.06308e-01
8.98794e-01
8.91007e-01
8.82948e-01
8.74620e-01
8.66025e-01
8.57167e-01
8.48048e-01
8.38671e-01
8.29038e-01
8.19152e-01
8.09017e-01
7.98636e-01
7.88011e-01
7.77146e-01
7.66044e-01
7.54710e-01
7.43145e-01
7.31354e-01
7.19340e-01
7.07107e-01
6.94658e-01
6.81998e-01
6.69131e-01
6.56059e-01
6.42788e-01
6.29320e-01
6.15661e-01
6.01815e-01
5.87785e-01
5.73576e-01
5.59193e-01
5.44639e-01
5.29919e-01
5.15038e-01
5.00000e-01
4.84810e-01
4.69472e-01
4.53990e-01
4.38371e-01
4.22618e-01
4.06737e-01
3.90731e-01
3.74607e-01
3.58368e-01
3.42020e-01
3.25568e-01
3.09017e-01
2.92372e-01
2.75637e-01
2.58819e-01
2.41922e-01
2.24951e-01
2.07912e-01
1.90809e-01
1.73648e-01
1.56434e-01
1.39173e-01
1.21869e-01
1.04528e-01
8.71557e-02
6.97565e-02
5.23360e-02
3.48995e-02
1.74524e-02
1.22465e-16
-1.74524e-02
-3.48995e-02
-5.23360e-02
-6.97565e-02
-8.71557e-02
-1.04528e-01
-1.21869e-01
-1.39173e-01
-1.56434e-01
-1.73648e-01
-1.90809e-01
-2.07912e-01
-2.24951e-01
-2.41922e-01
-2.58819e-01
-2.75637e-01
-2.92372e-01
-3.09017e-01
-3.25568e-01
-3.42020e-01
-3.58368e-01
-3.74607e-01
-3.90731e-01
-4.06737e-01
-4.22618e-01
-4.38371e-01
-4.53990e-01
-4.69472e-01
-4.84810e-01
-5.00000e-01
-5.15038e-01
-5.29919e-01
-5.44639e-01
-5.59193e-01
-5.73576e-01
-5.87785e-01
-6.01815e-01
-6.15661e-01
-6.29320e-01
-6.42788e-01
-6.56059e-01
-6.69131e-01
-6.81998e-01
-6.94658e-01
-7.07107e-01
-7.19340e-01
-7.31354e-01
-7.43145e-01
-7.54710e-01
-7.66044e-01
-7.77146e-01
-7.88011e-01
-7.98636e-01
-8.09017e-01
-8.19152e-01
-8.29038e-01
-8.38671e-01
-8.48048e-01
-8.57167e-01
-8.66025e-01
-8.74620e-01
-8.82948e-01
-8.91007e-01
-8.98794e-01
-9.06308e-01
-9.13545e-01
-9.20505e-01
-9.27184e-01
-9.33580e-01
-9.39693e-01
-9.45519e-01
-9.51057e-01
-9.56305e-01
-9.61262e-01
-9.65926e-01
-9.70296e-01
-9.74370e-01
-9.78148e-01
-9.81627e-01
-9.84808e-01
-9.87688e-01
-9.90268e-01
-9.92546e-01
-9.94522e-01
-9.96195e-01
-9.97564e-01
-9.98630e-01
-9.99391e-01
-9.99848e-01
-1.00000e+00
-9.99848e-01
-9.99391e-01
-9.98630e-01
-9.97564e-01
-9.96195e-01
-9.94522e-01
-9.92546e-01
-9.90268e-01
-9.87688e-01
-9.84808e-01
-9.81627e-01
-9.78148e-01
-9.74370e-01
-9.70296e-01
-9.65926e-01
-9.61262e-01
-9.56305e-01
-9.51057e-01
-9.45519e-01
-9.39693e-01
-9.33580e-01
-9.27184e-01
-9.20505e-01
-9.13545e-01
-9.06308e-01
-8.98794e-01
-8.91007e-01
-8.82948e-01
-8.74620e-01
-8.66025e-01
-8.57167e-01
-8.48048e-01
-8.38671e-01
-8.29038e-01
-8.19152e-01
-8.09017e-01
-7.98636e-01
-7.88011e-01
-7.77146e-01
-7.66044e-01
-7.54710e-01
-7.43145e-01
-7.31354e-01
-7.19340e-01
-7.07107e-01
-6.94658e-01
-6.81998e-01
-6.69131e-01
-6.56059e-01
-6.42788e-01
-6.29320e-01
-6.15661e-01
-6.01815e-01
-5.87785e-01
-5.73576e-01
-5.59193e-01
-5.44639e-01
-5.29919e-01
-5.15038e-01
-5.00000e-01
-4.84810e-01
-4.69472e-01
-4.53990e-01
-4.38371e-01
-4.22618e-01
-4.06737e-01
-3.90731e-01
-3.74607e-01
-3.58368e-01
-3.42020e-01
-3.25568e-01
-3.09017e-01
-2.92372e-01
-2.75637e-01
-2.58819e-01
-2.41922e-01
-2.24951e-01
-2.07912e-01
-1.90809e-01
-1.73648e-01
-1.56434e-01
-1.39173e-01
-1.21869e-01
-1.04528e-01
-8.71557e-02
-6.97565e-02
-5.23360e-02
-3.48995e-02
-1.74524e-02
-2.44929e-16
1.74524e-02
3.48995e-02
5.23360e-02
6.97565e-02
8.71557e-02
1.04528e-01
1.21869e-01
1.39173e-01
1.56434e-01
1.73648e-01
1.90809e-01
2.07912e-01
2.24951e-01
2.41922e-01
2.58819e-01
2.75637e-01
2.92372e-01
3.09017e-01
3.25568e-01
3.42020e-01
3.58368e-01
3.74607e-01
3.90731e-01
4.06737e-01
4.22618e-01
4.38371e-01
4.53990e-01
4.69472e-01
4.84810e-01
5.00000e-01
5.15038e-01
5.29919e-01
5.44639e-01
5.59193e-01
5.73576e-01
5.87785e-01
6.01815e-01
6.15661e-01
6.29320e-01
6.42788e-01
6.56059e-01
6.69131e-01
6.81998e-01
6.94658e-01
7.07107e-01
7.19340e-01
7.31354e-01
7.43145e-01
7.54710e-01
7.66044e-01
7.77146e-01
7.88011e-01
7.98636e-01
8.09017e-01
8.19152e-01
8.29038e-01
8.38671e-01
8.48048e-01
8.57167e-01
8.66025e-01
8.74620e-01
8.82948e-01
8.91007e-01
8.98794e-01
9.06308e-01
9.13545e-01
9.20505e-01
9.27184e-01
9.33580e-01
9.39693e-01
9.45519e-01
9.51057e-01
9.56305e-01
9.61262e-01
9.65926e-01
9.70296e-01
9.74370e-01
9.78148e-01
9.81627e-01
9.84808e-01
9.87688e-01
9.90268e-01
9.92546e-01
9.94522e-01
9.96195e-01
9.97564e-01
9.98630e-01
9.99391e-01
9.99848e-01
1.00000e+00
9.99848e-01
9.99391e-01
9.98630e-01
9.97564e-01
9.96195e-01
9.94522e-01
9.92546e-01
9.90268e-01
9.87688e-01
9.84808e-01
9.81627e-01
9.78148e-01
9.74370e-01
9.70296e-01
9.65926e-01
9.61262e-01
9.56305e-01
9.51057e-01
9.45519e-01
9.39693e-01
9.33580e-01
9.27184e-01
9.20505e-01
9.13545e-01
9.06308e-01
8.98794e-01
8.91007e-01
8.82948e-01
8.74620e-01
8.66025e-01
8.57167e-01
8.48048e-01
8.38671e-01
8.29038e-01
8.19152e-01
8.09017e-01
7.98636e-01
7.88011e-01
7.77146e-01
7.66044e-01
7.54710e-01
7.43145e-01
7.31354e-01
7.19340e-01
7.07107e-01
6.94658e-01
6.81998e-01
6.69131e-01
6.56059e-01
