2.351999999999999957e+01 5.070000000000000284e+00
2.567000000000000171e+01 1.202999999999999936e+01
4.254999999999999716e+01 8.089999999999999858e+00
3.032999999999999829e+01 1.003999999999999915e+01
2.362999999999999901e+01 1.208000000000000007e+01
2.589999999999999858e+01 9.060000000000000497e+00
5.195000000000000284e+01 4.040000000000000036e+00
3.700000000000000000e+01 8.000000000000000000e+00
3.563000000000000256e+01 2.089999999999999858e+00
3.460000000000000142e+01 1.010999999999999943e+01
2.880000000000000071e+01 3.706000000000000227e+01
3.460000000000000142e+01 1.010999999999999943e+01
3.200000000000000000e+01 1.105000000000000071e+01
6.067999999999999972e+01 8.089999999999999858e+00
2.417999999999999972e+01 2.049999999999999822e+00
5.185999999999999943e+01 4.107000000000000028e+01
2.582999999999999829e+01 1.708999999999999986e+01
2.030000000000000071e+01 2.060000000000000053e+00
2.305999999999999872e+01 2.109999999999999876e+00
2.014000000000000057e+01 8.039999999999999147e+00
2.735000000000000142e+01 3.206000000000000227e+01
2.944999999999999929e+01 9.029999999999999361e+00
3.510000000000000142e+01 1.005000000000000071e+01
1.657000000000000028e+01 2.705000000000000071e+01
2.080000000000000071e+01 1.402999999999999936e+01
2.030000000000000071e+01 2.060000000000000053e+00
3.032999999999999829e+01 1.007000000000000028e+01
2.541000000000000014e+01 8.070000000000000284e+00
3.685999999999999943e+01 9.109999999999999432e+00
4.421999999999999886e+01 4.110000000000000320e+00
2.732999999999999829e+01 4.009999999999999787e+00
5.517999999999999972e+01 1.210999999999999943e+01
3.563000000000000256e+01 3.000000000000000000e+00
9.190000000000000568e+01 5.030000000000000249e+00
2.014000000000000057e+01 8.039999999999999147e+00
5.584000000000000341e+01 1.608999999999999986e+01
1.456000000000000050e+01 3.403000000000000114e+01
2.325000000000000000e+01 1.110999999999999943e+01
2.025000000000000000e+01 1.405000000000000071e+01
3.924000000000000199e+01 1.109999999999999964e+01
5.820000000000000284e+01 1.908999999999999986e+01
4.549000000000000199e+01 3.060000000000000053e+00
3.520000000000000284e+01 3.610999999999999943e+01
5.838000000000000256e+01 1.208000000000000007e+01
1.960000000000000142e+01 1.510999999999999943e+01
4.317000000000000171e+01 1.109999999999999964e+01
4.102000000000000313e+01 3.100000000000000089e+00
1.980000000000000071e+01 2.903999999999999915e+01
2.085000000000000142e+01 3.607999999999999829e+01
4.939000000000000057e+01 1.401999999999999957e+01
3.112000000000000099e+01 5.059999999999999609e+00
3.196000000000000085e+01 7.089999999999999858e+00
2.589999999999999858e+01 9.060000000000000497e+00
2.548000000000000043e+01 1.050000000000000044e+00
2.455000000000000071e+01 1.808999999999999986e+01
1.685000000000000142e+01 1.805999999999999872e+01
2.735000000000000142e+01 3.204999999999999716e+01
2.464000000000000057e+01 3.207000000000000028e+01
4.692000000000000171e+01 3.069999999999999840e+00
3.254999999999999716e+01 1.705999999999999872e+01
2.376000000000000156e+01 3.607999999999999829e+01
5.195000000000000284e+01 4.040000000000000036e+00
6.468000000000000682e+01 1.508999999999999986e+01
5.768999999999999773e+01 1.210999999999999943e+01
4.582000000000000028e+01 9.029999999999999361e+00
2.464000000000000057e+01 3.206000000000000227e+01
2.267999999999999972e+01 1.009999999999999964e+01
4.556000000000000227e+01 1.207000000000000028e+01
6.347999999999999687e+01 3.806000000000000227e+01
1.762000000000000099e+01 2.110000000000000142e+01
4.267000000000000171e+01 2.603000000000000114e+01
2.682000000000000028e+01 1.508999999999999986e+01
6.873999999999999488e+01 4.003000000000000114e+01
5.657999999999999829e+01 1.608999999999999986e+01
6.857999999999999829e+01 1.400000000000000000e+01
4.945000000000000284e+01 1.208000000000000007e+01
2.412000000000000099e+01 1.100000000000000006e-01
4.164000000000000057e+01 1.406000000000000050e+01
2.351999999999999957e+01 5.070000000000000284e+00
3.935000000000000142e+01 1.030000000000000027e+00
2.305999999999999872e+01 2.109999999999999876e+00
1.779600000000000080e+02 2.808999999999999986e+01
1.656100000000000136e+02 1.405000000000000071e+01
2.601999999999999957e+01 9.060000000000000497e+00
2.128999999999999915e+01 7.099999999999999645e+00
3.133999999999999986e+01 1.300999999999999979e+01
2.237000000000000099e+01 1.601999999999999957e+01
1.780999999999999872e+01 3.101000000000000156e+01
2.417000000000000171e+01 1.100000000000000006e-01
4.428999999999999915e+01 9.089999999999999858e+00
3.625000000000000000e+01 7.049999999999999822e+00
6.132999999999999829e+01 6.009999999999999787e+00
6.067999999999999972e+01 8.089999999999999858e+00
2.610000000000000142e+01 1.502999999999999936e+01
2.532999999999999829e+01 1.708999999999999986e+01
2.319999999999999929e+01 1.108999999999999986e+01
1.900000000000000000e+01 3.110000000000000142e+01
2.014000000000000057e+01 8.039999999999999147e+00
5.877000000000000313e+01 5.007999999999999829e+01
5.975000000000000000e+01 2.507000000000000028e+01
3.979999999999999716e+01 6.000000000000000000e+00
8.756000000000000227e+01 3.509000000000000341e+01
2.850000000000000000e+01 1.810999999999999943e+01
3.067999999999999972e+01 3.008999999999999986e+01
4.825999999999999801e+01 4.110000000000000320e+00
2.916000000000000014e+01 1.406000000000000050e+01
5.339999999999999858e+01 8.109999999999999432e+00
2.300000000000000000e+01 3.101999999999999957e+01
4.488000000000000256e+01 1.109999999999999964e+01
5.240999999999999659e+01 1.050000000000000044e+00
8.810999999999999943e+01 1.007000000000000028e+01
2.475000000000000000e+01 3.404999999999999716e+01
1.762000000000000099e+01 2.110000000000000142e+01
3.546999999999999886e+01 1.705000000000000071e+01
2.089999999999999858e+01 1.209999999999999964e+01
2.050000000000000000e+01 1.301999999999999957e+01
5.014000000000000057e+01 4.407999999999999829e+01
2.066000000000000014e+01 1.100999999999999979e+01
2.592000000000000171e+01 3.007999999999999829e+01
8.250000000000000000e+00 3.810999999999999943e+01
4.317000000000000171e+01 1.109999999999999964e+01
3.464000000000000057e+01 9.029999999999999361e+00
